channel_id,channel_title,video_id,title,date,duration,continuation
UCb6ObE-XGCctO3WrjRZC-cw,ルイス・キャミー,Xi-MQwpPZ5Q,【雀魂/麻雀#53】視聴者参加型！四人南友人戦～！【ルイス・キャミー/にじさんじ】,2021-01-18,8054,op2w0wR0GmxDamdhRFFvTFdHa3RUVkYzY0ZCYU5WRXFKd29ZVlVOaU5rOWlSUzFZUjBOamRFOHpWM0pxVWxwRExXTjNFZ3RZYVMxTlVYZHdVRm8xVVJvVDZxamR1UUVOQ2d0WWFTMU5VWGR3VUZvMVVTQUJAAXICCAQ%3D
UCb6ObE-XGCctO3WrjRZC-cw,ルイス・キャミー,AoTOzH8yjmw,【#マイクラ腕試し】決勝戦！たのしんでこー！！【ルイス・キャミー/にじさんじ】,2021-01-15,10085,op2w0wR0GmxDamdhRFFvTFFXOVVUM3BJT0hscWJYY3FKd29ZVlVOaU5rOWlSUzFZUjBOamRFOHpWM0pxVWxwRExXTjNFZ3RCYjFSUGVrZzRlV3B0ZHhvVDZxamR1UUVOQ2d0QmIxUlBla2c0ZVdwdGR5QUJAAXICCAQ%3D
UCb6ObE-XGCctO3WrjRZC-cw,ルイス・キャミー,W7uDpiJr_FM,【振り返り雑談】大会お疲れさまでした！たくさん話そう～！【ルイス・キャミー/にじさんじ】,2021-01-12,6873,op2w0wR0GmxDamdhRFFvTFZ6ZDFSSEJwU25KZlJrMHFKd29ZVlVOaU5rOWlSUzFZUjBOamRFOHpWM0pxVWxwRExXTjNFZ3RYTjNWRWNHbEtjbDlHVFJvVDZxamR1UUVOQ2d0WE4zVkVjR2xLY2w5R1RTQUJAAXICCAQ%3D
UCb6ObE-XGCctO3WrjRZC-cw,ルイス・キャミー,G_rmGy5wJDQ,【雀魂/麻雀】にじさんじ麻雀杯準決勝【ルイス・キャミー/にじさんじ】,2021-01-10,4715,op2w0wR0GmxDamdhRFFvTFIxOXliVWQ1TlhkS1JGRXFKd29ZVlVOaU5rOWlSUzFZUjBOamRFOHpWM0pxVWxwRExXTjNFZ3RIWDNKdFIzazFkMHBFVVJvVDZxamR1UUVOQ2d0SFgzSnRSM2sxZDBwRVVTQUJAAXICCAQ%3D
UCb6ObE-XGCctO3WrjRZC-cw,ルイス・キャミー,4uLlKCNp5Jk,【雀魂/麻雀】にじさんじ麻雀杯予選C卓！【ルイス・キャミー/にじさんじ】,2021-01-09,3377,op2w0wR0GmxDamdhRFFvTE5IVk1iRXREVG5BMVNtc3FKd29ZVlVOaU5rOWlSUzFZUjBOamRFOHpWM0pxVWxwRExXTjNFZ3MwZFV4c1MwTk9jRFZLYXhvVDZxamR1UUVOQ2dzMGRVeHNTME5PY0RWS2F5QUJAAXICCAQ%3D
UCb6ObE-XGCctO3WrjRZC-cw,ルイス・キャミー,D-LVj2kAxO0,【雀魂/麻雀#52】天鳳位たちと特訓！【ルイス・キャミー/にじさんじ】,2021-01-07,9206,op2w0wR0GmxDamdhRFFvTFJDMU1WbW95YTBGNFR6QXFKd29ZVlVOaU5rOWlSUzFZUjBOamRFOHpWM0pxVWxwRExXTjNFZ3RFTFV4V2FqSnJRWGhQTUJvVDZxamR1UUVOQ2d0RUxVeFdhakpyUVhoUE1DQUJAAXICCAQ%3D
UCb6ObE-XGCctO3WrjRZC-cw,ルイス・キャミー,NUM4serLB5k,【雀魂/麻雀#51】大会ルールでいっしょにあそぼーー！【ルイス・キャミー/にじさんじ】,2021-01-07,6055,op2w0wR0GmxDamdhRFFvTFRsVk5OSE5sY2t4Q05Xc3FKd29ZVlVOaU5rOWlSUzFZUjBOamRFOHpWM0pxVWxwRExXTjNFZ3RPVlUwMGMyVnlURUkxYXhvVDZxamR1UUVOQ2d0T1ZVMDBjMlZ5VEVJMWF5QUJAAXICCAQ%3D
UCb6ObE-XGCctO3WrjRZC-cw,ルイス・キャミー,Qv67wMXAAVM,【雀魂/麻雀】ハリオ家と１から学ぶ初心者麻雀講座【ルイス/桜凛月/ハリオ家/にじさんじ】,2021-01-04,6503,op2w0wR0GmxDamdhRFFvTFVYWTJOM2ROV0VGQlZrMHFKd29ZVlVOaU5rOWlSUzFZUjBOamRFOHpWM0pxVWxwRExXTjNFZ3RSZGpZM2QwMVlRVUZXVFJvVDZxamR1UUVOQ2d0UmRqWTNkMDFZUVVGV1RTQUJAAXICCAQ%3D
UCb6ObE-XGCctO3WrjRZC-cw,ルイス・キャミー,2l9TIg02U7Y,【雀魂/麻雀】ひたすら麻雀するコラボ【ルイス視点/にじさんじ】,2021-01-03,15515,op2w0wRgGlhDaWtxSndvWVZVTmlOazlpUlMxWVIwTmpkRTh6VjNKcVVscERMV04zRWdzeWJEbFVTV2N3TWxVM1dSb1Q2cWpkdVFFTkNnc3liRGxVU1djd01sVTNXU0FCQAFyAggE
UCb6ObE-XGCctO3WrjRZC-cw,ルイス・キャミー,G5dG4yiIOC8,【雀魂/麻雀#50】玉の間段位戦！雀豪の意地見せてくぞ！【ルイス・キャミー/にじさんじ】,2021-01-02,13069,op2w0wR0GmxDamdhRFFvTFJ6VmtSelI1YVVsUFF6Z3FKd29ZVlVOaU5rOWlSUzFZUjBOamRFOHpWM0pxVWxwRExXTjNFZ3RITldSSE5IbHBTVTlET0JvVDZxamR1UUVOQ2d0SE5XUkhOSGxwU1U5RE9DQUJAAXICCAQ%3D
UCb6ObE-XGCctO3WrjRZC-cw,ルイス・キャミー,2a9tiuWZuGo,【雀魂/麻雀#49】みんな力貸してくれ！視聴者参加型友人戦！【ルイス・キャミー/にじさんじ】,2020-12-31,7765,op2w0wR0GmxDamdhRFFvTE1tRTVkR2wxVjFwMVIyOHFKd29ZVlVOaU5rOWlSUzFZUjBOamRFOHpWM0pxVWxwRExXTjNFZ3N5WVRsMGFYVlhXblZIYnhvVDZxamR1UUVOQ2dzeVlUbDBhWFZYV25WSGJ5QUJAAXICCAQ%3D
UCb6ObE-XGCctO3WrjRZC-cw,ルイス・キャミー,Ackip76nxdk,【雀魂/麻雀#48】友人戦打つよーーー！！！ここは豪快に三麻で！【ルイス・キャミー/にじさんじ】,2020-12-30,7923,op2w0wRgGlhDaWtxSndvWVZVTmlOazlpUlMxWVIwTmpkRTh6VjNKcVVscERMV04zRWd0QlkydHBjRGMyYm5oa2F4b1Q2cWpkdVFFTkNndEJZMnRwY0RjMmJuaGtheUFCQAFyAggE
UCb6ObE-XGCctO3WrjRZC-cw,ルイス・キャミー,-tgXUij_Syg,【#マリカにじさんじ杯】大会本番！頑張るぞー！！！【ルイス・キャミー/にじさんじ】,2020-12-26,2328,op2w0wR0GmxDamdhRFFvTExYUm5XRlZwYWw5VGVXY3FKd29ZVlVOaU5rOWlSUzFZUjBOamRFOHpWM0pxVWxwRExXTjNFZ3N0ZEdkWVZXbHFYMU41WnhvVDZxamR1UUVOQ2dzdGRHZFlWV2xxWDFONVp5QUJAAXICCAQ%3D
UCb6ObE-XGCctO3WrjRZC-cw,ルイス・キャミー,QaINTzoR2f4,【マリオカート】マリカ教えてもらう配信【ルイス視点/にじさんじ】,2020-12-24,6612,op2w0wR0GmxDamdhRFFvTFVXRkpUbFI2YjFJeVpqUXFKd29ZVlVOaU5rOWlSUzFZUjBOamRFOHpWM0pxVWxwRExXTjNFZ3RSWVVsT1ZIcHZVakptTkJvVDZxamR1UUVOQ2d0UllVbE9WSHB2VWpKbU5DQUJAAXICCAQ%3D
UCb6ObE-XGCctO3WrjRZC-cw,ルイス・キャミー,D56AmECg6aY,【マリオカート】大会前練習！【ルイス・キャミー/にじさんじ】,2020-12-24,7166,op2w0wR0GmxDamdhRFFvTFJEVTJRVzFGUTJjMllWa3FKd29ZVlVOaU5rOWlSUzFZUjBOamRFOHpWM0pxVWxwRExXTjNFZ3RFTlRaQmJVVkRaelpoV1JvVDZxamR1UUVOQ2d0RU5UWkJiVVZEWnpaaFdTQUJAAXICCAQ%3D
UCb6ObE-XGCctO3WrjRZC-cw,ルイス・キャミー,qs33bb-q9I8,【AmangUs】お酒飲みながら！？生きたい！！！【ルイス視点/にじさんじ】,2020-12-21,10411,op2w0wR0GmxDamdhRFFvTGNYTXpNMkppTFhFNVNUZ3FKd29ZVlVOaU5rOWlSUzFZUjBOamRFOHpWM0pxVWxwRExXTjNFZ3R4Y3pNelltSXRjVGxKT0JvVDZxamR1UUVOQ2d0eGN6TXpZbUl0Y1RsSk9DQUJAAXICCAQ%3D
UCb6ObE-XGCctO3WrjRZC-cw,ルイス・キャミー,6Y6t10sQ-oA,【マイクラ】クリスマスツリー作り！【ルイス視点/にじさんじ】,2020-12-21,11369,op2w0wR0GmxDamdhRFFvTE5sazJkREV3YzFFdGIwRXFKd29ZVlVOaU5rOWlSUzFZUjBOamRFOHpWM0pxVWxwRExXTjNFZ3MyV1RaME1UQnpVUzF2UVJvVDZxamR1UUVOQ2dzMldUWjBNVEJ6VVMxdlFTQUJAAXICCAQ%3D
UCb6ObE-XGCctO3WrjRZC-cw,ルイス・キャミー,HN_zQLeqymY,【マリオカート】マリカ杯！予選Bグループ！【ルイス視点/にじさんじ】,2020-12-19,3085,op2w0wR0GmxDamdhRFFvTFNFNWZlbEZNWlhGNWJWa3FKd29ZVlVOaU5rOWlSUzFZUjBOamRFOHpWM0pxVWxwRExXTjNFZ3RJVGw5NlVVeGxjWGx0V1JvVDZxamR1UUVOQ2d0SVRsOTZVVXhsY1hsdFdTQUJAAXICCAQ%3D
UCb6ObE-XGCctO3WrjRZC-cw,ルイス・キャミー,jC_NkNESOKk,【マリオカート】私にぶつかるとケガするぜ【ルイス視点/フルトイ/にじさんじ】,2020-12-18,5134,op2w0wR0GmxDamdhRFFvTGFrTmZUbXRPUlZOUFMyc3FKd29ZVlVOaU5rOWlSUzFZUjBOamRFOHpWM0pxVWxwRExXTjNFZ3RxUTE5T2EwNUZVMDlMYXhvVDZxamR1UUVOQ2d0cVExOU9hMDVGVTA5TGF5QUJAAXICCAQ%3D
UCb6ObE-XGCctO3WrjRZC-cw,ルイス・キャミー,3ESWeXp9dDg,【2.0お披露目】首が見えるようになった！【ルイス・キャミー/にじさんじ】,2020-12-17,4510,op2w0wR0GmxDamdhRFFvTE0wVlRWMlZZY0Rsa1JHY3FKd29ZVlVOaU5rOWlSUzFZUjBOamRFOHpWM0pxVWxwRExXTjNFZ3N6UlZOWFpWaHdPV1JFWnhvVDZxamR1UUVOQ2dzelJWTlhaVmh3T1dSRVp5QUJAAXICCAQ%3D
UCb6ObE-XGCctO3WrjRZC-cw,ルイス・キャミー,c1BbPEBttG4,【視聴者参加型】探偵と怪盗でマリオカート対決！？# 紅のライヘンバッハ【ルイス/シェリン/にじさんじ】,2020-12-14,9234,op2w0wR0GmxDamdhRFFvTFl6RkNZbEJGUW5SMFJ6UXFKd29ZVlVOaU5rOWlSUzFZUjBOamRFOHpWM0pxVWxwRExXTjNFZ3RqTVVKaVVFVkNkSFJITkJvVDZxamR1UUVOQ2d0ak1VSmlVRVZDZEhSSE5DQUJAAXICCAQ%3D
UCb6ObE-XGCctO3WrjRZC-cw,ルイス・キャミー,7DkLKll4k3Q,【マリオカート】マリカ大会前練習【ルイス視点/にじさんじ】,2020-12-12,5436,op2w0wR0GmxDamdhRFFvTE4wUnJURXRzYkRSck0xRXFKd29ZVlVOaU5rOWlSUzFZUjBOamRFOHpWM0pxVWxwRExXTjNFZ3MzUkd0TVMyeHNOR3N6VVJvVDZxamR1UUVOQ2dzM1JHdE1TMnhzTkdzelVTQUJAAXICCAQ%3D
UCb6ObE-XGCctO3WrjRZC-cw,ルイス・キャミー,22nTkClqirQ,【天鳳/麻雀勉強会#8】細かいところも徹底指導【ルイス・キャミー/にじさんじ】,2020-12-11,11093,op2w0wR0GmxDamdhRFFvTE1qSnVWR3REYkhGcGNsRXFKd29ZVlVOaU5rOWlSUzFZUjBOamRFOHpWM0pxVWxwRExXTjNFZ3N5TW01VWEwTnNjV2x5VVJvVDZxamR1UUVOQ2dzeU1tNVVhME5zY1dseVVTQUJAAXICCAQ%3D
UCb6ObE-XGCctO3WrjRZC-cw,ルイス・キャミー,Fd1vyFcBiz8,【マリオカート】最下位とったら即終了！？フルトイで！？！？【ルイス視点/フルトイ/にじさんじ】,2020-12-09,2182,op2w0wR0GmxDamdhRFFvTFJtUXhkbmxHWTBKcGVqZ3FKd29ZVlVOaU5rOWlSUzFZUjBOamRFOHpWM0pxVWxwRExXTjNFZ3RHWkRGMmVVWmpRbWw2T0JvVDZxamR1UUVOQ2d0R1pERjJlVVpqUW1sNk9DQUJAAXICCAQ%3D
UCb6ObE-XGCctO3WrjRZC-cw,ルイス・キャミー,U_ljY6qBTWU,【マイクラ】強くなりたいマイクラ雑談【ルイス・キャミー/にじさんじ】,2020-12-09,5598,op2w0wR0GmxDamdhRFFvTFZWOXNhbGsyY1VKVVYxVXFKd29ZVlVOaU5rOWlSUzFZUjBOamRFOHpWM0pxVWxwRExXTjNFZ3RWWDJ4cVdUWnhRbFJYVlJvVDZxamR1UUVOQ2d0VlgyeHFXVFp4UWxSWFZTQUJAAXICCAQ%3D
UCb6ObE-XGCctO3WrjRZC-cw,ルイス・キャミー,XMbwKXmNvRc,【マイクラ腕試し】色んな競技で競い合う！？【ルイス・キャミー視点/にじさんじ】,2020-12-05,15710,op2w0wR0GmxDamdhRFFvTFdFMWlkMHRZYlU1MlVtTXFKd29ZVlVOaU5rOWlSUzFZUjBOamRFOHpWM0pxVWxwRExXTjNFZ3RZVFdKM1MxaHRUblpTWXhvVDZxamR1UUVOQ2d0WVRXSjNTMWh0VG5aU1l5QUJAAXICCAQ%3D
UCb6ObE-XGCctO3WrjRZC-cw,ルイス・キャミー,BQ1KA9OItfI,【雀魂/麻雀#47】ただいま玉の間段位戦！【ルイス・キャミー/にじさんじ】,2020-12-04,8406,op2w0wR0GmxDamdhRFFvTFFsRXhTMEU1VDBsMFpra3FKd29ZVlVOaU5rOWlSUzFZUjBOamRFOHpWM0pxVWxwRExXTjNFZ3RDVVRGTFFUbFBTWFJtU1JvVDZxamR1UUVOQ2d0Q1VURkxRVGxQU1hSbVNTQUJAAXICCAQ%3D
UCb6ObE-XGCctO3WrjRZC-cw,ルイス・キャミー,Jr7j_c_neHs,【マインクラフト】大怪盗作家になる【ルイス・キャミー/にじさんじ】,2020-11-30,5820,op2w0wR0GmxDamdhRFFvTFNuSTNhbDlqWDI1bFNITXFKd29ZVlVOaU5rOWlSUzFZUjBOamRFOHpWM0pxVWxwRExXTjNFZ3RLY2pkcVgyTmZibVZJY3hvVDZxamR1UUVOQ2d0S2NqZHFYMk5mYm1WSWN5QUJAAXICCAQ%3D
UCb6ObE-XGCctO3WrjRZC-cw,ルイス・キャミー,ElM27A5elJk,【振り返り雑談】いろいろありすぎて今メモに書き出してる【ルイス・キャミー/にじさんじ】,2020-11-27,8420,op2w0wR0GmxDamdhRFFvTFJXeE5NamRCTldWc1Ntc3FKd29ZVlVOaU5rOWlSUzFZUjBOamRFOHpWM0pxVWxwRExXTjNFZ3RGYkUweU4wRTFaV3hLYXhvVDZxamR1UUVOQ2d0RmJFMHlOMEUxWld4S2F5QUJAAXICCAQ%3D
UCb6ObE-XGCctO3WrjRZC-cw,ルイス・キャミー,QNM96GEaYq8,【にじさんじ】熱烈歓迎わんだーらんど【covered by 聖MTP女学院】,2020-11-23,393,op2w0wR0GmxDamdhRFFvTFVVNU5PVFpIUldGWmNUZ3FKd29ZVlVOaU5rOWlSUzFZUjBOamRFOHpWM0pxVWxwRExXTjNFZ3RSVGswNU5rZEZZVmx4T0JvVDZxamR1UUVOQ2d0UlRrMDVOa2RGWVZseE9DQUJAAXICCAQ%3D
UCb6ObE-XGCctO3WrjRZC-cw,ルイス・キャミー,IK4h0YZVJ_w,【雀魂/麻雀】雀魂バーチャルインターハイ【ルイス・キャミー視点/にじさんじ】,2020-11-23,5658,op2w0wR0GmxDamdhRFFvTFNVczBhREJaV2xaS1gzY3FKd29ZVlVOaU5rOWlSUzFZUjBOamRFOHpWM0pxVWxwRExXTjNFZ3RKU3pSb01GbGFWa3BmZHhvVDZxamR1UUVOQ2d0SlN6Um9NRmxhVmtwZmR5QUJAAXICCAQ%3D
UCb6ObE-XGCctO3WrjRZC-cw,ルイス・キャミー,5nBpBIsS0Lo,【雀魂/麻雀#46】ゲリラ朝特訓【ルイス・キャミー/にじさんじ】,2020-11-23,8342,op2w0wR0GmxDamdhRFFvTE5XNUNjRUpKYzFNd1RHOHFKd29ZVlVOaU5rOWlSUzFZUjBOamRFOHpWM0pxVWxwRExXTjNFZ3MxYmtKd1FrbHpVekJNYnhvVDZxamR1UUVOQ2dzMWJrSndRa2x6VXpCTWJ5QUJAAXICCAQ%3D
UCb6ObE-XGCctO3WrjRZC-cw,ルイス・キャミー,owp-BCWdqyA,【#フルトイ新衣装】今日からキュート担当ルイス！！！【ルイス・キャミー/にじさんじ】,2020-11-21,1743,op2w0wR0GmxDamdhRFFvTGIzZHdMVUpEVjJSeGVVRXFKd29ZVlVOaU5rOWlSUzFZUjBOamRFOHpWM0pxVWxwRExXTjNFZ3R2ZDNBdFFrTlhaSEY1UVJvVDZxamR1UUVOQ2d0dmQzQXRRa05YWkhGNVFTQUJAAXICCAQ%3D
UCb6ObE-XGCctO3WrjRZC-cw,ルイス・キャミー,NflWcM-lJmU,【#Niji_AmongUs】生きたい！！！誰よりも長く！【ルイス・キャミー視点/にじさんじ】,2020-11-19,9277,op2w0wR0GmxDamdhRFFvTFRtWnNWMk5OTFd4S2JWVXFKd29ZVlVOaU5rOWlSUzFZUjBOamRFOHpWM0pxVWxwRExXTjNFZ3RPWm14WFkwMHRiRXB0VlJvVDZxamR1UUVOQ2d0T1pteFhZMDB0YkVwdFZTQUJAAXICCAQ%3D
UCb6ObE-XGCctO3WrjRZC-cw,ルイス・キャミー,j0vm1RZUdvw,【雀魂/麻雀】たかちゃんが教えに来てくれたぞーー！！【ルイス視点/にじさんじ】,2020-11-17,18554,op2w0wR0GmxDamdhRFFvTGFqQjJiVEZTV2xWa2RuY3FKd29ZVlVOaU5rOWlSUzFZUjBOamRFOHpWM0pxVWxwRExXTjNFZ3RxTUhadE1WSmFWV1IyZHhvVDZxamR1UUVOQ2d0cU1IWnRNVkphVldSMmR5QUJAAXICCAQ%3D
UCb6ObE-XGCctO3WrjRZC-cw,ルイス・キャミー,QTWZkF2qhu0,【雀魂/麻雀】大会に向けて特訓だーーー！！！【ルイス視点/にじさんじ】,2020-11-16,8742,op2w0wR0GmxDamdhRFFvTFVWUlhXbXRHTW5Gb2RUQXFKd29ZVlVOaU5rOWlSUzFZUjBOamRFOHpWM0pxVWxwRExXTjNFZ3RSVkZkYWEwWXljV2gxTUJvVDZxamR1UUVOQ2d0UlZGZGFhMFl5Y1doMU1DQUJAAXICCAQ%3D
UCb6ObE-XGCctO3WrjRZC-cw,ルイス・キャミー,Hzu_z3TLI6Q,【天鳳/麻雀】歴代天鳳位続々参戦！？12時間耐久特訓麻雀！【ルイス・キャミー/にじさんじ】,2020-11-14,41779,op2w0wR0GmxDamdhRFFvTFNIcDFYM296VkV4Sk5sRXFKd29ZVlVOaU5rOWlSUzFZUjBOamRFOHpWM0pxVWxwRExXTjNFZ3RJZW5WZmVqTlVURWsyVVJvVDZxamR1UUVOQ2d0SWVuVmZlak5VVEVrMlVTQUJAAXICCAQ%3D
UCb6ObE-XGCctO3WrjRZC-cw,ルイス・キャミー,WgVHmMZ1q7s,【赤の組織】Happy Halloween歌ってみた【一周年記念】,2020-11-13,363,op2w0wR0GmxDamdhRFFvTFYyZFdTRzFOV2pGeE4zTXFKd29ZVlVOaU5rOWlSUzFZUjBOamRFOHpWM0pxVWxwRExXTjNFZ3RYWjFaSWJVMWFNWEUzY3hvVDZxamR1UUVOQ2d0WFoxWkliVTFhTVhFM2N5QUJAAXICCAQ%3D
UCb6ObE-XGCctO3WrjRZC-cw,ルイス・キャミー,Uwe-RlYemv4,【麻雀女子会！？】多井プロ参戦！！！【ルイス視点/にじさんじ】,2020-11-12,11003,op2w0wR0GmxDamdhRFFvTFZYZGxMVkpzV1dWdGRqUXFKd29ZVlVOaU5rOWlSUzFZUjBOamRFOHpWM0pxVWxwRExXTjNFZ3RWZDJVdFVteFpaVzEyTkJvVDZxamR1UUVOQ2d0VmQyVXRVbXhaWlcxMk5DQUJAAXICCAQ%3D
UCb6ObE-XGCctO3WrjRZC-cw,ルイス・キャミー,sKWe4JSPt4Q,【天鳳/麻雀勉強会#7】プロの師匠と大会前特訓！！【ルイス・キャミー/にじさんじ】,2020-11-10,9164,op2w0wR0GmxDamdhRFFvTGMwdFhaVFJLVTFCME5GRXFKd29ZVlVOaU5rOWlSUzFZUjBOamRFOHpWM0pxVWxwRExXTjNFZ3R6UzFkbE5FcFRVSFEwVVJvVDZxamR1UUVOQ2d0elMxZGxORXBUVUhRMFVTQUJAAXICCAQ%3D
UCb6ObE-XGCctO3WrjRZC-cw,ルイス・キャミー,nnoolaTi8Zc,【マインクラフト】にじさばの小麦盗む【ルイス・キャミー/にじさんじ】,2020-11-09,5472,op2w0wR0GmxDamdhRFFvTGJtNXZiMnhoVkdrNFdtTXFKd29ZVlVOaU5rOWlSUzFZUjBOamRFOHpWM0pxVWxwRExXTjNFZ3R1Ym05dmJHRlVhVGhhWXhvVDZxamR1UUVOQ2d0dWJtOXZiR0ZVYVRoYVl5QUJAAXICCAQ%3D
UCb6ObE-XGCctO3WrjRZC-cw,ルイス・キャミー,pdtGV0Xhmas,【マインクラフト】第二の拠点づくり【ルイス・キャミー/にじさんじ】,2020-11-05,8184,op2w0wR0GmxDamdhRFFvTGNHUjBSMVl3V0dodFlYTXFKd29ZVlVOaU5rOWlSUzFZUjBOamRFOHpWM0pxVWxwRExXTjNFZ3R3WkhSSFZqQllhRzFoY3hvVDZxamR1UUVOQ2d0d1pIUkhWakJZYUcxaGN5QUJAAXICCAQ%3D
UCb6ObE-XGCctO3WrjRZC-cw,ルイス・キャミー,Z0VNsxS9TZ0,【マインクラフト】拠点作りのための素材集め【ルイス・キャミー/にじさんじ】,2020-11-02,8577,op2w0wR0GmxDamdhRFFvTFdqQldUbk40VXpsVVdqQXFKd29ZVlVOaU5rOWlSUzFZUjBOamRFOHpWM0pxVWxwRExXTjNFZ3RhTUZaT2MzaFRPVlJhTUJvVDZxamR1UUVOQ2d0YU1GWk9jM2hUT1ZSYU1DQUJAAXICCAQ%3D
UCb6ObE-XGCctO3WrjRZC-cw,ルイス・キャミー,gg3z4wFDHjI,【デビュー１周年記念】仲良くマリパするよ！【ルイス・キャミー/魔使マオ/えま★おうがすと/にじさんじ】,2020-10-31,5002,op2w0wR0GmxDamdhRFFvTFoyY3plalIzUmtSSWFra3FKd29ZVlVOaU5rOWlSUzFZUjBOamRFOHpWM0pxVWxwRExXTjNFZ3RuWnpONk5IZEdSRWhxU1JvVDZxamR1UUVOQ2d0blp6TjZOSGRHUkVocVNTQUJAAXICCAQ%3D
UCb6ObE-XGCctO3WrjRZC-cw,ルイス・キャミー,GZTmzr_P_vo,【雀魂/麻雀#45】大会特訓友人戦！！！【ルイス・キャミー/にじさんじ】,2020-10-25,4900,op2w0wRgGlhDaWtxSndvWVZVTmlOazlpUlMxWVIwTmpkRTh6VjNKcVVscERMV04zRWd0SFdsUnRlbkpmVUY5MmJ4b1Q2cWpkdVFFTkNndEhXbFJ0ZW5KZlVGOTJieUFCQAFyAggE
UCb6ObE-XGCctO3WrjRZC-cw,ルイス・キャミー,DepYTtGbrMM,【雀魂/麻雀#44】大会に向けて特訓だ！玉の間段位戦【ルイス・キャミー/にじさんじ】,2020-10-25,5379,op2w0wR0GmxDamdhRFFvTFJHVndXVlIwUjJKeVRVMHFKd29ZVlVOaU5rOWlSUzFZUjBOamRFOHpWM0pxVWxwRExXTjNFZ3RFWlhCWlZIUkhZbkpOVFJvVDZxamR1UUVOQ2d0RVpYQlpWSFJIWW5KTlRTQUJAAXICCAQ%3D
UCb6ObE-XGCctO3WrjRZC-cw,ルイス・キャミー,VFT8-TcoBm4,【マインクラフト】新鯖にも拠点作る！【ルイス・キャミー/にじさんじ】,2020-10-22,6570,op2w0wR0GmxDamdhRFFvTFZrWlVPQzFVWTI5Q2JUUXFKd29ZVlVOaU5rOWlSUzFZUjBOamRFOHpWM0pxVWxwRExXTjNFZ3RXUmxRNExWUmpiMEp0TkJvVDZxamR1UUVOQ2d0V1JsUTRMVlJqYjBKdE5DQUJAAXICCAQ%3D
UCb6ObE-XGCctO3WrjRZC-cw,ルイス・キャミー,gh661D8Hfy0,【雀魂/麻雀】秋のサンマ女子会！派手に盛り上がっていこう！【ルイス視点/にじさんじ】,2020-10-20,5484,op2w0wR0GmxDamdhRFFvTFoyZzJOakZFT0VobWVUQXFKd29ZVlVOaU5rOWlSUzFZUjBOamRFOHpWM0pxVWxwRExXTjNFZ3RuYURZMk1VUTRTR1o1TUJvVDZxamR1UUVOQ2d0bmFEWTJNVVE0U0daNU1DQUJAAXICCAQ%3D
UCb6ObE-XGCctO3WrjRZC-cw,ルイス・キャミー,Aq0hXljSiF0,【人狼RPG×マイクラ】第四夜！勝つぞーーー！！！【ルイス視点/にじさんじ】,2020-10-19,6190,op2w0wR0GmxDamdhRFFvTFFYRXdhRmhzYWxOcFJqQXFKd29ZVlVOaU5rOWlSUzFZUjBOamRFOHpWM0pxVWxwRExXTjNFZ3RCY1RCb1dHeHFVMmxHTUJvVDZxamR1UUVOQ2d0QmNUQm9XR3hxVTJsR01DQUJAAXICCAQ%3D
